g PR: 0.0050000000000
0.001742160278745651
0.001742160278745651
0.001742160278745651
0.001742160278745651
0.001742160278745651
0.001742160278745651
0.011614401858304334
0.001742160278745651
0.001742160278745651
0.001742160278745651
0.001742160278745651
0.011614401858304327
0.001742160278745651
0.001742160278745651
0.001742160278745651
0.001742160278745651
0.001742160278745651
0.001742160278745651
0.001742160278745651
0.001742160278745651
0.001742160278745651
0.001742160278745651
0.001742160278745651
0.001742160278745651
0.001742160278745651
0.001742160278745651
0.001742160278745651
0.001742160278745651
0.001742160278745651
0.001742160278745651
0.001742160278745651
0.001742160278745651
0.001742160278745651
0.001742160278745651
0.001742160278745651
0.001742160278745651
0.001742160278745651
0.011614401858304332
0.001742160278745651
0.001742160278745651
0.001742160278745651
0.001742160278745651
0.001742160278745651
0.001742160278745651
0.001742160278745651
0.001742160278745651
0.001742160278745651
0.001742160278745651
0.001742160278745651
0.001742160278745651
0.001742160278745651
0.001742160278745651
0.001742160278745651
0.001742160278745651
0.001742160278745651
0.001742160278745651
0.001742160278745651
0.001742160278745651
0.001742160278745651
0.001742160278745651
0.001742160278745651
0.001742160278745651
0.001742160278745651
0.001742160278745651
0.001742160278745651
0.001742160278745651
0.001742160278745651
0.001742160278745651
0.001742160278745651
0.001742160278745651
0.001742160278745651
0.001742160278745651
0.001742160278745651
0.001742160278745651
0.001742160278745651
0.001742160278745651
0.001742160278745651
0.001742160278745651
0.001742160278745651
0.001742160278745651
0.001742160278745651
0.001742160278745651
0.001742160278745651
0.001742160278745651
0.001742160278745651
0.001742160278745651
0.001742160278745651
0.001742160278745651
0.001742160278745651
0.001742160278745651
0.001742160278745651
0.001742160278745651
0.001742160278745651
0.001742160278745651
0.001742160278745651
0.001742160278745651
0.001742160278745651
0.001742160278745651
0.001742160278745651
0.011614401858304334
0.001742160278745651
0.001742160278745651
0.001742160278745651
0.001742160278745651
0.001742160278745651
0.001742160278745651
0.011614401858304332
0.001742160278745651
0.001742160278745651
0.001742160278745651
0.001742160278745651
0.001742160278745651
0.001742160278745651
0.001742160278745651
0.001742160278745651
0.001742160278745651
0.001742160278745651
0.001742160278745651
0.001742160278745651
0.001742160278745651
0.001742160278745651
0.001742160278745651
0.001742160278745651
0.001742160278745651
0.001742160278745651
0.001742160278745651
0.001742160278745651
0.011614401858304334
0.001742160278745651
0.001742160278745651
0.001742160278745651
0.001742160278745651
0.001742160278745651
0.001742160278745651
0.001742160278745651
0.001742160278745651
0.001742160278745651
0.001742160278745651
0.001742160278745651
0.001742160278745651
0.011614401858304334
0.011614401858304327
