g PR: 0.0049999999999
0.0014792899408284052
0.0014792899408284052
0.0014792899408284052
0.0014792899408284052
0.0014792899408284052
0.009861932938856037
0.0014792899408284052
0.0014792899408284052
0.0014792899408284052
0.0014792899408284052
0.0014792899408284052
0.0014792899408284052
0.0014792899408284052
0.0014792899408284052
0.0014792899408284052
0.0014792899408284052
0.0014792899408284052
0.0014792899408284052
0.0014792899408284052
0.0014792899408284052
0.0014792899408284052
0.0014792899408284052
0.0014792899408284052
0.0014792899408284052
0.0014792899408284052
0.0014792899408284052
0.0014792899408284052
0.0014792899408284052
0.0014792899408284052
0.0014792899408284052
0.0014792899408284052
0.0014792899408284052
0.0014792899408284052
0.009861932938856037
0.0014792899408284052
0.0014792899408284052
0.0014792899408284052
0.0014792899408284052
0.0014792899408284052
0.0014792899408284052
0.0014792899408284052
0.0014792899408284052
0.0014792899408284052
0.0014792899408284052
0.0014792899408284052
0.0014792899408284052
0.0014792899408284052
0.0014792899408284052
0.0014792899408284052
0.0014792899408284052
0.0014792899408284052
0.0014792899408284052
0.0014792899408284052
0.0014792899408284052
0.0014792899408284052
0.0014792899408284052
0.0014792899408284052
0.0014792899408284052
0.0014792899408284052
0.0014792899408284052
0.0014792899408284052
0.0014792899408284052
0.0014792899408284052
0.0014792899408284052
0.0014792899408284052
0.0014792899408284052
0.0014792899408284052
0.0014792899408284052
0.0014792899408284052
0.0014792899408284052
0.0014792899408284052
0.0014792899408284052
0.0014792899408284052
0.0014792899408284052
0.0014792899408284052
0.0014792899408284052
0.0014792899408284052
0.0014792899408284052
0.0014792899408284052
0.0014792899408284052
0.0014792899408284052
0.0014792899408284052
0.0014792899408284052
0.009861932938856037
0.0014792899408284052
0.0014792899408284052
0.0014792899408284052
0.0014792899408284052
0.0014792899408284052
0.0014792899408284052
0.0014792899408284052
0.0014792899408284052
0.0014792899408284052
0.0014792899408284052
0.0014792899408284052
0.0014792899408284052
0.0014792899408284052
0.0014792899408284052
0.0014792899408284052
0.0014792899408284052
0.0014792899408284052
0.0014792899408284052
0.0014792899408284052
0.0014792899408284052
0.0014792899408284052
0.0014792899408284052
0.0014792899408284052
0.0014792899408284052
0.0014792899408284052
0.0014792899408284052
0.009861932938856037
0.0014792899408284052
0.0014792899408284052
0.009861932938856033
0.0014792899408284052
0.0014792899408284052
0.0014792899408284052
0.0014792899408284052
0.0014792899408284052
0.0014792899408284052
0.0014792899408284052
0.00986193293885603
0.009861932938856037
0.009861932938856031
