g PR: 0.0049999999999
0.0020935101186322375
0.0020935101186322375
0.0020935101186322375
0.0020935101186322375
0.0020935101186322375
0.0020935101186322375
0.01395673412421492
0.0020935101186322375
0.0020935101186322375
0.0020935101186322375
0.0020935101186322375
0.013956734124214927
0.0020935101186322375
0.0020935101186322375
0.0020935101186322375
0.0020935101186322375
0.0020935101186322375
0.0020935101186322375
0.0020935101186322375
0.0020935101186322375
0.0020935101186322375
0.0020935101186322375
0.0020935101186322375
0.0020935101186322375
0.0020935101186322375
0.0020935101186322375
0.0020935101186322375
0.0020935101186322375
0.0020935101186322375
0.0020935101186322375
0.0020935101186322375
0.0020935101186322375
0.0020935101186322375
0.0020935101186322375
0.0020935101186322375
0.0020935101186322375
0.0020935101186322375
0.0020935101186322375
0.013956734124214916
0.0020935101186322375
0.0020935101186322375
0.0020935101186322375
0.0020935101186322375
0.0020935101186322375
0.0020935101186322375
0.0020935101186322375
0.0020935101186322375
0.0020935101186322375
0.0020935101186322375
0.0020935101186322375
0.0020935101186322375
0.0020935101186322375
0.0020935101186322375
0.0020935101186322375
0.0020935101186322375
0.0020935101186322375
0.0020935101186322375
0.0020935101186322375
0.0020935101186322375
0.0020935101186322375
0.0020935101186322375
0.0020935101186322375
0.0020935101186322375
0.0020935101186322375
0.0020935101186322375
0.0020935101186322375
0.0020935101186322375
0.0020935101186322375
0.0020935101186322375
0.0020935101186322375
0.0020935101186322375
0.0020935101186322375
0.0020935101186322375
0.0020935101186322375
0.0020935101186322375
0.0020935101186322375
0.0020935101186322375
0.0020935101186322375
0.0020935101186322375
0.0020935101186322375
0.0020935101186322375
0.0020935101186322375
0.0020935101186322375
0.0020935101186322375
0.0020935101186322375
0.0020935101186322375
0.0020935101186322375
0.0020935101186322375
0.0020935101186322375
0.0020935101186322375
0.0020935101186322375
0.0020935101186322375
0.0020935101186322375
0.0020935101186322375
0.0020935101186322375
0.0020935101186322375
0.0020935101186322375
0.0020935101186322375
0.0020935101186322375
0.0020935101186322375
0.0020935101186322375
0.0020935101186322375
0.0020935101186322375
0.0020935101186322375
0.0020935101186322375
0.0020935101186322375
0.0020935101186322375
0.0020935101186322375
0.0020935101186322375
0.0020935101186322375
0.0020935101186322375
0.0020935101186322375
0.0020935101186322375
0.0020935101186322375
0.0020935101186322375
0.013956734124214918
0.0020935101186322375
0.0020935101186322375
0.0020935101186322375
0.0020935101186322375
0.0020935101186322375
0.0020935101186322375
0.0020935101186322375
0.0020935101186322375
0.0020935101186322375
0.0020935101186322375
0.0020935101186322375
0.0020935101186322375
0.0020935101186322375
0.0020935101186322375
0.0020935101186322375
0.0020935101186322375
0.0020935101186322375
0.0020935101186322375
0.0020935101186322375
0.0020935101186322375
0.0020935101186322375
0.0020935101186322375
0.0020935101186322375
0.0020935101186322375
0.0020935101186322375
0.01395673412421492
0.0020935101186322375
0.0020935101186322375
0.0020935101186322375
0.0020935101186322375
0.0020935101186322375
0.0020935101186322375
0.0020935101186322375
0.0020935101186322375
0.0020935101186322375
0.0020935101186322375
0.0020935101186322375
0.0020935101186322375
0.0020935101186322375
0.0020935101186322375
0.013956734124214927
0.01395673412421492
0.013956734124214925
