g PR: 0.0050
0.0010423905489923557
0.0010423905489923557
0.0010423905489923557
0.0010423905489923557
0.0010423905489923557
0.0010423905489923557
0.0010423905489923557
0.0010423905489923557
0.0010423905489923557
0.0010423905489923557
0.0010423905489923557
0.0010423905489923557
0.0010423905489923557
0.0010423905489923557
0.0010423905489923557
0.0010423905489923557
0.0010423905489923557
0.0010423905489923557
0.0010423905489923557
0.0010423905489923557
0.0010423905489923557
0.0010423905489923557
0.0010423905489923557
0.0010423905489923557
0.0010423905489923557
0.0010423905489923557
0.0010423905489923557
0.0010423905489923557
0.0010423905489923557
0.0010423905489923557
0.0010423905489923557
0.0010423905489923557
0.0010423905489923557
0.0010423905489923557
0.0010423905489923557
0.0010423905489923557
0.0010423905489923557
0.0010423905489923557
0.0010423905489923557
0.0010423905489923557
0.0010423905489923557
0.0010423905489923557
0.0010423905489923557
0.0010423905489923557
0.0010423905489923557
0.0010423905489923557
0.0010423905489923557
0.0010423905489923557
0.0010423905489923557
0.0010423905489923557
0.0010423905489923557
0.0010423905489923557
0.0010423905489923557
0.0010423905489923557
0.0010423905489923557
0.0010423905489923557
0.0010423905489923557
0.0069492703266157045
0.0010423905489923557
0.0010423905489923557
0.0010423905489923557
0.0010423905489923557
0.0010423905489923557
0.0010423905489923557
0.0010423905489923557
0.0010423905489923557
0.0010423905489923557
