g PR: 0.0050000000000
0.0012668918918918937
0.0012668918918918937
0.0012668918918918937
0.0012668918918918937
0.0012668918918918937
0.008445945945945955
0.0012668918918918937
0.0012668918918918937
0.0012668918918918937
0.0012668918918918937
0.0012668918918918937
0.0012668918918918937
0.0012668918918918937
0.0012668918918918937
0.0012668918918918937
0.0012668918918918937
0.0012668918918918937
0.0012668918918918937
0.0012668918918918937
0.0012668918918918937
0.0012668918918918937
0.0012668918918918937
0.0012668918918918937
0.0012668918918918937
0.0012668918918918937
0.0012668918918918937
0.0012668918918918937
0.008445945945945959
0.0012668918918918937
0.0012668918918918937
0.0012668918918918937
0.0012668918918918937
0.0012668918918918937
0.008445945945945955
0.0012668918918918937
0.0012668918918918937
0.0012668918918918937
0.0012668918918918937
0.0012668918918918937
0.0012668918918918937
0.0012668918918918937
0.0012668918918918937
0.0012668918918918937
0.0012668918918918937
0.0012668918918918937
0.0012668918918918937
0.0012668918918918937
0.0012668918918918937
0.0012668918918918937
0.0012668918918918937
0.0012668918918918937
0.0012668918918918937
0.0012668918918918937
0.0012668918918918937
0.0012668918918918937
0.0012668918918918937
0.0012668918918918937
0.0012668918918918937
0.0012668918918918937
0.0012668918918918937
0.0012668918918918937
0.0012668918918918937
0.0012668918918918937
0.0012668918918918937
0.0012668918918918937
0.0012668918918918937
0.0012668918918918937
0.0012668918918918937
0.0012668918918918937
0.0012668918918918937
0.0012668918918918937
0.0012668918918918937
0.0012668918918918937
0.0012668918918918937
0.0012668918918918937
0.008445945945945953
0.0012668918918918937
0.0012668918918918937
0.0012668918918918937
0.0012668918918918937
0.0012668918918918937
0.0012668918918918937
0.0012668918918918937
0.0012668918918918937
0.0012668918918918937
0.0012668918918918937
0.0012668918918918937
0.0012668918918918937
0.0012668918918918937
0.0012668918918918937
0.0012668918918918937
0.0012668918918918937
0.0012668918918918937
0.0012668918918918937
0.008445945945945955
0.0012668918918918937
0.0012668918918918937
0.008445945945945957
0.0012668918918918937
0.0012668918918918937
0.0012668918918918937
0.0012668918918918937
0.008445945945945945
0.008445945945945955
