g PR: 0.0049999999999
0.0015174506828528065
0.0015174506828528065
0.0015174506828528065
0.0015174506828528065
0.0015174506828528065
0.0015174506828528065
0.0015174506828528065
0.0015174506828528065
0.0015174506828528065
0.0015174506828528065
0.0015174506828528065
0.0015174506828528065
0.0015174506828528065
0.0015174506828528065
0.0015174506828528065
0.0015174506828528065
0.0015174506828528065
0.0015174506828528065
0.0015174506828528065
0.0015174506828528065
0.0015174506828528065
0.0015174506828528065
0.0015174506828528065
0.0015174506828528065
0.0015174506828528065
0.0015174506828528065
0.0015174506828528065
0.0015174506828528065
0.0015174506828528065
0.0015174506828528065
0.0015174506828528065
0.0015174506828528065
0.0015174506828528065
0.0015174506828528065
0.0015174506828528065
0.0015174506828528065
0.0015174506828528065
0.0015174506828528065
0.0015174506828528065
0.0015174506828528065
0.0015174506828528065
0.0015174506828528065
0.0015174506828528065
0.0015174506828528065
0.010116337885685384
0.0015174506828528065
0.0015174506828528065
0.0015174506828528065
0.0015174506828528065
0.0015174506828528065
0.0015174506828528065
0.0015174506828528065
0.0015174506828528065
0.0015174506828528065
0.0015174506828528065
0.0015174506828528065
0.0015174506828528065
0.0015174506828528065
0.0015174506828528065
0.0015174506828528065
0.0015174506828528065
0.0015174506828528065
0.0015174506828528065
0.0015174506828528065
0.0015174506828528065
0.0015174506828528065
0.0015174506828528065
0.0015174506828528065
0.0015174506828528065
0.0015174506828528065
0.0015174506828528065
0.010116337885685384
0.0015174506828528065
0.0015174506828528065
0.0015174506828528065
0.0015174506828528065
0.0015174506828528065
0.0015174506828528065
0.0015174506828528065
0.010116337885685377
0.0015174506828528065
0.010116337885685384
0.0015174506828528065
0.0015174506828528065
0.0015174506828528065
0.0015174506828528065
0.0015174506828528065
0.0015174506828528065
0.0015174506828528065
0.0015174506828528065
0.0015174506828528065
0.0015174506828528065
0.0015174506828528065
0.0015174506828528065
0.0015174506828528065
0.0015174506828528065
0.0015174506828528065
0.0015174506828528065
0.0015174506828528065
0.0015174506828528065
0.0015174506828528065
0.0015174506828528065
0.0015174506828528065
0.0015174506828528065
0.0015174506828528065
0.0015174506828528065
0.0015174506828528065
0.0015174506828528065
0.0015174506828528065
0.0015174506828528065
0.0015174506828528065
0.0015174506828528065
0.0015174506828528065
0.0015174506828528065
0.0015174506828528065
0.0015174506828528065
0.0015174506828528065
0.0015174506828528065
0.0015174506828528065
0.0015174506828528065
0.0015174506828528065
0.0015174506828528065
0.0015174506828528065
