g PR: 0.0050000000000
0.0018137847642079844
0.0018137847642079844
0.0018137847642079844
0.0018137847642079844
0.0018137847642079844
0.0018137847642079844
0.0018137847642079844
0.0018137847642079844
0.0018137847642079844
0.0018137847642079844
0.0018137847642079844
0.0018137847642079844
0.0018137847642079844
0.0018137847642079844
0.0018137847642079844
0.0018137847642079844
0.0018137847642079844
0.0018137847642079844
0.0018137847642079844
0.0018137847642079844
0.0018137847642079844
0.0018137847642079844
0.0018137847642079844
0.0018137847642079844
0.0018137847642079844
0.0018137847642079844
0.0018137847642079844
0.0018137847642079844
0.0018137847642079844
0.0018137847642079844
0.0018137847642079844
0.0018137847642079844
0.0018137847642079844
0.0018137847642079844
0.0018137847642079844
0.0018137847642079844
0.0018137847642079844
0.0018137847642079844
0.0018137847642079844
0.0018137847642079844
0.0018137847642079844
0.0018137847642079844
0.0018137847642079844
0.0018137847642079844
0.0018137847642079844
0.0018137847642079844
0.0018137847642079844
0.0018137847642079844
0.0018137847642079844
0.0018137847642079844
0.01209189842805323
0.0018137847642079844
0.0018137847642079844
0.0018137847642079844
0.0018137847642079844
0.0018137847642079844
0.0018137847642079844
0.0018137847642079844
0.0018137847642079844
0.0018137847642079844
0.0018137847642079844
0.0018137847642079844
0.0018137847642079844
0.0018137847642079844
0.0018137847642079844
0.0018137847642079844
0.0018137847642079844
0.0018137847642079844
0.0018137847642079844
0.0018137847642079844
0.0018137847642079844
0.0018137847642079844
0.0018137847642079844
0.0018137847642079844
0.0018137847642079844
0.0018137847642079844
0.0018137847642079844
0.0018137847642079844
0.0018137847642079844
0.0018137847642079844
0.01209189842805323
0.0018137847642079844
0.0018137847642079844
0.0018137847642079844
0.0018137847642079844
0.0018137847642079844
0.0018137847642079844
0.0018137847642079844
0.0018137847642079844
0.01209189842805323
0.0018137847642079844
0.0018137847642079844
0.0018137847642079844
0.0018137847642079844
0.0018137847642079844
0.0018137847642079844
0.0018137847642079844
0.0018137847642079844
0.0018137847642079844
0.0018137847642079844
0.0018137847642079844
0.0018137847642079844
0.0018137847642079844
0.0018137847642079844
0.0018137847642079844
0.0018137847642079844
0.0018137847642079844
0.0018137847642079844
0.0018137847642079844
0.0018137847642079844
0.0018137847642079844
0.0018137847642079844
0.0018137847642079844
0.0018137847642079844
0.0018137847642079844
0.0018137847642079844
0.0018137847642079844
0.0018137847642079844
0.0018137847642079844
0.0018137847642079844
0.0018137847642079844
0.0018137847642079844
0.0018137847642079844
0.012091898428053227
0.0018137847642079844
0.0018137847642079844
0.0018137847642079844
0.0018137847642079844
0.0018137847642079844
0.0018137847642079844
0.0018137847642079844
0.0018137847642079844
0.0018137847642079844
0.0018137847642079844
0.0018137847642079844
0.0018137847642079844
0.0018137847642079844
0.0018137847642079844
0.0018137847642079844
0.0018137847642079844
0.0018137847642079844
0.0018137847642079844
