g PR: 0.0049999999999
9.422110552763819E-4
9.422110552763819E-4
9.422110552763819E-4
9.422110552763819E-4
9.422110552763819E-4
9.422110552763819E-4
9.422110552763819E-4
9.422110552763819E-4
9.422110552763819E-4
9.422110552763819E-4
9.422110552763819E-4
9.422110552763819E-4
9.422110552763819E-4
9.422110552763819E-4
9.422110552763819E-4
9.422110552763819E-4
9.422110552763819E-4
9.422110552763819E-4
9.422110552763819E-4
9.422110552763819E-4
9.422110552763819E-4
9.422110552763819E-4
9.422110552763819E-4
9.422110552763819E-4
9.422110552763819E-4
9.422110552763819E-4
9.422110552763819E-4
9.422110552763819E-4
9.422110552763819E-4
9.422110552763819E-4
9.422110552763819E-4
9.422110552763819E-4
9.422110552763819E-4
9.422110552763819E-4
9.422110552763819E-4
9.422110552763819E-4
9.422110552763819E-4
9.422110552763819E-4
9.422110552763819E-4
9.422110552763819E-4
9.422110552763819E-4
9.422110552763819E-4
9.422110552763819E-4
9.422110552763819E-4
9.422110552763819E-4
0.006281407035175881
9.422110552763819E-4
9.422110552763819E-4
9.422110552763819E-4
