g PR: 0.0050000000000
0.001257861635220126
0.001257861635220126
0.001257861635220126
0.001257861635220126
0.001257861635220126
0.001257861635220126
0.001257861635220126
0.001257861635220126
0.001257861635220126
0.001257861635220126
0.001257861635220126
0.001257861635220126
0.001257861635220126
0.001257861635220126
0.001257861635220126
0.001257861635220126
0.001257861635220126
0.001257861635220126
0.001257861635220126
0.001257861635220126
0.001257861635220126
0.001257861635220126
0.001257861635220126
0.001257861635220126
0.001257861635220126
0.008385744234800839
0.001257861635220126
0.001257861635220126
0.001257861635220126
0.001257861635220126
0.001257861635220126
0.001257861635220126
0.001257861635220126
0.001257861635220126
0.001257861635220126
0.001257861635220126
0.001257861635220126
0.008385744234800839
0.001257861635220126
0.001257861635220126
0.001257861635220126
0.001257861635220126
0.001257861635220126
0.001257861635220126
0.001257861635220126
0.001257861635220126
0.001257861635220126
0.001257861635220126
0.001257861635220126
0.001257861635220126
0.001257861635220126
0.001257861635220126
0.001257861635220126
0.001257861635220126
0.001257861635220126
0.001257861635220126
0.001257861635220126
0.001257861635220126
0.001257861635220126
0.008385744234800839
0.001257861635220126
0.001257861635220126
0.001257861635220126
0.001257861635220126
0.001257861635220126
0.001257861635220126
0.001257861635220126
0.008385744234800839
0.001257861635220126
0.001257861635220126
0.001257861635220126
0.001257861635220126
0.001257861635220126
0.001257861635220126
0.001257861635220126
0.001257861635220126
0.001257861635220126
0.001257861635220126
0.001257861635220126
0.001257861635220126
0.001257861635220126
0.001257861635220126
0.001257861635220126
0.001257861635220126
0.001257861635220126
0.001257861635220126
0.001257861635220126
0.001257861635220126
0.001257861635220126
0.001257861635220126
0.001257861635220126
0.001257861635220126
0.001257861635220126
0.001257861635220126
0.001257861635220126
0.001257861635220126
0.001257861635220126
0.001257861635220126
0.001257861635220126
