g PR: 0.0049999999999
0.0021978021978021926
0.0021978021978021926
0.0021978021978021926
0.0021978021978021926
0.0021978021978021926
0.0021978021978021926
0.0021978021978021926
0.0021978021978021926
0.0021978021978021926
0.0021978021978021926
0.0021978021978021926
0.0021978021978021926
0.0021978021978021926
0.0021978021978021926
0.0021978021978021926
0.0021978021978021926
0.0021978021978021926
0.0021978021978021926
0.0021978021978021926
0.0021978021978021926
0.0021978021978021926
0.0021978021978021926
0.0021978021978021926
0.0021978021978021926
0.0021978021978021926
0.0021978021978021926
0.0021978021978021926
0.0021978021978021926
0.0021978021978021926
0.0021978021978021926
0.0021978021978021926
0.0021978021978021926
0.0021978021978021926
0.0021978021978021926
0.0021978021978021926
0.014652014652014623
0.0021978021978021926
0.0021978021978021926
0.0021978021978021926
0.0021978021978021926
0.0021978021978021926
0.0021978021978021926
0.0021978021978021926
0.0021978021978021926
0.0021978021978021926
0.0021978021978021926
0.0021978021978021926
0.0021978021978021926
0.0021978021978021926
0.0021978021978021926
0.0021978021978021926
0.0021978021978021926
0.0021978021978021926
0.0021978021978021926
0.0021978021978021926
0.0021978021978021926
0.014652014652014626
0.0021978021978021926
0.0021978021978021926
0.0021978021978021926
0.0021978021978021926
0.0021978021978021926
0.0021978021978021926
0.0021978021978021926
0.0021978021978021926
0.0021978021978021926
0.0021978021978021926
0.0021978021978021926
0.0021978021978021926
0.0021978021978021926
0.0021978021978021926
0.0021978021978021926
0.0021978021978021926
0.0021978021978021926
0.0021978021978021926
0.0021978021978021926
0.0021978021978021926
0.0021978021978021926
0.0021978021978021926
0.0021978021978021926
0.0021978021978021926
0.0021978021978021926
0.0021978021978021926
0.0021978021978021926
0.0021978021978021926
0.0021978021978021926
0.0021978021978021926
0.0021978021978021926
0.0021978021978021926
0.014652014652014626
0.0021978021978021926
0.0021978021978021926
0.0021978021978021926
0.0021978021978021926
0.0021978021978021926
0.0021978021978021926
0.0021978021978021926
0.0021978021978021926
0.0021978021978021926
0.014652014652014626
0.0021978021978021926
0.0021978021978021926
0.0021978021978021926
0.0021978021978021926
0.0021978021978021926
0.0021978021978021926
0.0021978021978021926
0.0021978021978021926
0.0021978021978021926
0.0021978021978021926
0.0021978021978021926
0.0021978021978021926
0.0021978021978021926
0.0021978021978021926
0.0021978021978021926
0.0021978021978021926
0.0021978021978021926
0.0021978021978021926
0.0021978021978021926
0.0021978021978021926
0.0021978021978021926
0.0021978021978021926
0.0021978021978021926
0.0021978021978021926
0.0021978021978021926
0.0021978021978021926
0.0021978021978021926
0.0021978021978021926
0.0021978021978021926
0.0021978021978021926
0.0021978021978021926
0.0021978021978021926
0.0021978021978021926
0.0021978021978021926
0.0021978021978021926
0.0021978021978021926
0.0021978021978021926
0.0021978021978021926
0.0021978021978021926
0.0021978021978021926
0.0021978021978021926
0.0021978021978021926
0.0021978021978021926
0.0021978021978021926
0.0021978021978021926
0.0021978021978021926
0.0021978021978021926
0.0021978021978021926
0.0021978021978021926
0.0021978021978021926
0.0021978021978021926
0.0021978021978021926
0.0021978021978021926
0.0021978021978021926
0.0021978021978021926
0.0021978021978021926
0.0021978021978021926
0.0021978021978021926
0.0021978021978021926
